6.20 9.50 8.00 20.00 19.00 29.00 60.00 50.00 80.00 200.00 150.00 250.00 80.00 
8.50 9.00 7.00 12.00 11.00 16.00 23.00 20.00 34.00 50.00 45.00 70.00 23.00 
7.00 6.50 7.00 8.25 10.00 19.00 16.00 19.00 36.00 36.00 39.00 80.00 25.00 
6.00 7.00 7.00 11.00 13.00 23.00 25.00 27.00 50.00 60.00 70.00 100.00 50.00 
8.00 11.50 7.75 24.00 16.00 21.00 60.00 39.00 50.00 125.00 100.00 150.00 55.00 

liu@hzliuxiaolong-hp:~/workspace/zc$ python run.py 2-3 2.05 3.65 4.10 3.80 1.61
sp_a: [2.05, 3.65], sp_b: [4.1, 3.8, 1.61]
c : 10000000, 2014-11-10 22:04:37.260178
c : 20000000, 2014-11-10 22:05:29.952133
c : 30000000, 2014-11-10 22:06:22.385601
c : 40000000, 2014-11-10 22:07:14.941993
c : 50000000, 2014-11-10 22:08:08.035405
c : 60000000, 2014-11-10 22:09:03.878137
qualified.len = 765
cost: 124, (8, 9, 20, 9, 5, 11) -- (10.48, 16.22, 8.02, 145.37, 14.7, 5.283)
cost: 126, (8, 9, 20, 9, 5, 12) -- (8.48, 14.22, 6.02, 143.37, 12.7, 15.036)
cost: 124, (8, 9, 20, 8, 6, 11) -- (10.48, 16.22, 8.02, 115.44, 42.44, 5.283)
cost: 126, (8, 9, 20, 8, 6, 12) -- (8.48, 14.22, 6.02, 113.44, 40.44, 15.036)
cost: 124, (8, 9, 20, 7, 7, 11) -- (10.48, 16.22, 8.02, 85.51, 70.18, 5.283)
cost: 126, (8, 9, 20, 7, 7, 12) -- (8.48, 14.22, 6.02, 83.51, 68.18, 15.036)
cost: 124, (8, 9, 20, 6, 8, 11) -- (10.48, 16.22, 8.02, 55.58, 97.92, 5.283)
cost: 126, (8, 9, 20, 6, 8, 12) -- (8.48, 14.22, 6.02, 53.58, 95.92, 15.036)
cost: 124, (8, 9, 20, 5, 9, 11) -- (10.48, 16.22, 8.02, 25.65, 125.66, 5.283)
cost: 126, (8, 9, 20, 5, 9, 12) -- (8.48, 14.22, 6.02, 23.65, 123.66, 15.036)
cost: 120, (8, 9, 19, 8, 5, 11) -- (14.48, 20.22, 5.419, 119.44, 18.7, 9.283)
cost: 124, (9, 9, 20, 8, 5, 11) -- (27.29, 16.22, 8.02, 115.44, 14.7, 5.283)
cost: 126, (9, 9, 20, 8, 5, 12) -- (25.29, 14.22, 6.02, 113.44, 12.7, 15.036)
cost: 112, (7, 8, 18, 8, 5, 10) -- (5.67, 12.64, 6.818, 127.44, 26.7, 5.53)
cost: 120, (8, 9, 19, 7, 6, 11) -- (14.48, 20.22, 5.419, 89.51, 46.44, 9.283)
cost: 124, (8, 10, 20, 8, 5, 11) -- (10.48, 31.8, 8.02, 115.44, 14.7, 5.283)
cost: 126, (8, 10, 20, 8, 5, 12) -- (8.48, 29.8, 6.02, 113.44, 12.7, 15.036)
cost: 118, (8, 8, 19, 8, 5, 11) -- (16.48, 6.64, 7.419, 121.44, 20.7, 11.283)
cost: 124, (9, 9, 20, 7, 6, 11) -- (27.29, 16.22, 8.02, 85.51, 42.44, 5.283)
cost: 126, (9, 9, 20, 7, 6, 12) -- (25.29, 14.22, 6.02, 83.51, 40.44, 15.036)
cost: 112, (7, 8, 18, 7, 6, 10) -- (5.67, 12.64, 6.818, 97.51, 54.44, 5.53)
cost: 120, (8, 9, 19, 6, 7, 11) -- (14.48, 20.22, 5.419, 59.58, 74.18, 9.283)
cost: 124, (8, 10, 20, 7, 6, 11) -- (10.48, 31.8, 8.02, 85.51, 42.44, 5.283)
cost: 126, (8, 10, 20, 7, 6, 12) -- (8.48, 29.8, 6.02, 83.51, 40.44, 15.036)
cost: 118, (8, 8, 19, 7, 6, 11) -- (16.48, 6.64, 7.419, 91.51, 48.44, 11.283)
cost: 122, (8, 9, 20, 8, 5, 11) -- (12.48, 18.22, 10.02, 117.44, 16.7, 7.283)
cost: 124, (9, 9, 20, 6, 7, 11) -- (27.29, 16.22, 8.02, 55.58, 70.18, 5.283)
cost: 126, (9, 9, 20, 6, 7, 12) -- (25.29, 14.22, 6.02, 53.58, 68.18, 15.036)
cost: 112, (7, 8, 18, 6, 7, 10) -- (5.67, 12.64, 6.818, 67.58, 82.18, 5.53)
cost: 120, (8, 9, 19, 5, 8, 11) -- (14.48, 20.22, 5.419, 29.65, 101.92, 9.283)
cost: 124, (8, 9, 20, 8, 5, 12) -- (10.48, 16.22, 8.02, 115.44, 14.7, 17.036)
cost: 126, (8, 9, 20, 8, 5, 13) -- (8.48, 14.22, 6.02, 113.44, 12.7, 26.789)
cost: 124, (8, 10, 20, 6, 7, 11) -- (10.48, 31.8, 8.02, 55.58, 70.18, 5.283)
cost: 126, (8, 10, 20, 6, 7, 12) -- (8.48, 29.8, 6.02, 53.58, 68.18, 15.036)
cost: 118, (8, 8, 19, 6, 7, 11) -- (16.48, 6.64, 7.419, 61.58, 76.18, 11.283)
cost: 122, (8, 9, 20, 7, 6, 11) -- (12.48, 18.22, 10.02, 87.51, 44.44, 7.283)
cost: 124, (8, 9, 20, 7, 6, 12) -- (10.48, 16.22, 8.02, 85.51, 42.44, 17.036)
cost: 126, (8, 9, 20, 7, 6, 13) -- (8.48, 14.22, 6.02, 83.51, 40.44, 26.789)
cost: 124, (9, 9, 20, 5, 8, 11) -- (27.29, 16.22, 8.02, 25.65, 97.92, 5.283)
cost: 112, (7, 8, 18, 5, 8, 10) -- (5.67, 12.64, 6.818, 37.65, 109.92, 5.53)
cost: 124, (8, 10, 20, 5, 8, 11) -- (10.48, 31.8, 8.02, 25.65, 97.92, 5.283)
cost: 126, (9, 9, 20, 5, 8, 12) -- (25.29, 14.22, 6.02, 23.65, 95.92, 15.036)
cost: 126, (8, 10, 20, 5, 8, 12) -- (8.48, 29.8, 6.02, 23.65, 95.92, 15.036)
cost: 118, (8, 8, 19, 5, 8, 11) -- (16.48, 6.64, 7.419, 31.65, 103.92, 11.283)
cost: 122, (8, 9, 20, 6, 7, 11) -- (12.48, 18.22, 10.02, 57.58, 72.18, 7.283)
cost: 124, (8, 9, 20, 6, 7, 12) -- (10.48, 16.22, 8.02, 55.58, 70.18, 17.036)
cost: 126, (8, 9, 20, 6, 7, 13) -- (8.48, 14.22, 6.02, 53.58, 68.18, 26.789)
cost: 112, (7, 8, 18, 4, 9, 10) -- (5.67, 12.64, 6.818, 7.72, 137.66, 5.53)
cost: 122, (8, 9, 20, 5, 8, 11) -- (12.48, 18.22, 10.02, 27.65, 99.92, 7.283)
cost: 124, (8, 9, 20, 5, 8, 12) -- (10.48, 16.22, 8.02, 25.65, 97.92, 17.036)
cost: 126, (8, 9, 20, 5, 8, 13) -- (8.48, 14.22, 6.02, 23.65, 95.92, 26.789)
cost: 120, (9, 9, 19, 7, 5, 11) -- (31.29, 20.22, 5.419, 89.51, 18.7, 9.283)
cost: 120, (8, 10, 19, 7, 5, 11) -- (14.48, 35.8, 5.419, 89.51, 18.7, 9.283)
cost: 124, (10, 9, 20, 7, 5, 11) -- (44.1, 16.22, 8.02, 85.51, 14.7, 5.283)
cost: 112, (8, 8, 18, 7, 5, 10) -- (22.48, 12.64, 6.818, 97.51, 26.7, 5.53)
cost: 124, (9, 10, 20, 7, 5, 11) -- (27.29, 31.8, 8.02, 85.51, 14.7, 5.283)
cost: 126, (10, 9, 20, 7, 5, 12) -- (42.1, 14.22, 6.02, 83.51, 12.7, 15.036)
cost: 112, (7, 9, 18, 7, 5, 10) -- (5.67, 28.22, 6.818, 97.51, 26.7, 5.53)
cost: 120, (8, 10, 19, 6, 6, 11) -- (14.48, 35.8, 5.419, 59.58, 46.44, 9.283)
cost: 124, (8, 11, 20, 7, 5, 11) -- (10.48, 47.38, 8.02, 85.51, 14.7, 5.283)
cost: 120, (9, 9, 19, 6, 6, 11) -- (31.29, 20.22, 5.419, 59.58, 46.44, 9.283)
cost: 126, (9, 10, 20, 7, 5, 12) -- (25.29, 29.8, 6.02, 83.51, 12.7, 15.036)
cost: 126, (8, 11, 20, 7, 5, 12) -- (8.48, 45.38, 6.02, 83.51, 12.7, 15.036)
cost: 118, (9, 8, 19, 7, 5, 11) -- (33.29, 6.64, 7.419, 91.51, 20.7, 11.283)
cost: 124, (10, 9, 20, 6, 6, 11) -- (44.1, 16.22, 8.02, 55.58, 42.44, 5.283)
cost: 112, (8, 8, 18, 6, 6, 10) -- (22.48, 12.64, 6.818, 67.58, 54.44, 5.53)
cost: 118, (8, 9, 19, 7, 5, 11) -- (16.48, 22.22, 7.419, 91.51, 20.7, 11.283)
cost: 124, (9, 10, 20, 6, 6, 11) -- (27.29, 31.8, 8.02, 55.58, 42.44, 5.283)
cost: 126, (10, 9, 20, 6, 6, 12) -- (42.1, 14.22, 6.02, 53.58, 40.44, 15.036)
cost: 120, (8, 9, 19, 7, 5, 12) -- (14.48, 20.22, 5.419, 89.51, 18.7, 21.036)
cost: 120, (9, 9, 19, 5, 7, 11) -- (31.29, 20.22, 5.419, 29.65, 74.18, 9.283)
cost: 126, (9, 10, 20, 6, 6, 12) -- (25.29, 29.8, 6.02, 53.58, 40.44, 15.036)
cost: 112, (7, 9, 18, 6, 6, 10) -- (5.67, 28.22, 6.818, 67.58, 54.44, 5.53)
cost: 120, (8, 10, 19, 5, 7, 11) -- (14.48, 35.8, 5.419, 29.65, 74.18, 9.283)
cost: 124, (8, 11, 20, 6, 6, 11) -- (10.48, 47.38, 8.02, 55.58, 42.44, 5.283)
cost: 126, (8, 11, 20, 6, 6, 12) -- (8.48, 45.38, 6.02, 53.58, 40.44, 15.036)
cost: 118, (9, 8, 19, 6, 6, 11) -- (33.29, 6.64, 7.419, 61.58, 48.44, 11.283)
cost: 122, (9, 9, 20, 7, 5, 11) -- (29.29, 18.22, 10.02, 87.51, 16.7, 7.283)
cost: 124, (9, 9, 20, 7, 5, 12) -- (27.29, 16.22, 8.02, 85.51, 14.7, 17.036)
cost: 126, (9, 9, 20, 7, 5, 13) -- (25.29, 14.22, 6.02, 83.51, 12.7, 26.789)
cost: 124, (10, 9, 20, 5, 7, 11) -- (44.1, 16.22, 8.02, 25.65, 70.18, 5.283)
cost: 110, (7, 8, 18, 7, 5, 10) -- (7.67, 14.64, 8.818, 99.51, 28.7, 7.53)
cost: 112, (7, 8, 18, 7, 5, 11) -- (5.67, 12.64, 6.818, 97.51, 26.7, 17.283)
cost: 112, (8, 8, 18, 5, 7, 10) -- (22.48, 12.64, 6.818, 37.65, 82.18, 5.53)
cost: 118, (8, 9, 19, 6, 6, 11) -- (16.48, 22.22, 7.419, 61.58, 48.44, 11.283)
cost: 124, (9, 10, 20, 5, 7, 11) -- (27.29, 31.8, 8.02, 25.65, 70.18, 5.283)
cost: 126, (10, 9, 20, 5, 7, 12) -- (42.1, 14.22, 6.02, 23.65, 68.18, 15.036)
cost: 120, (8, 9, 19, 6, 6, 12) -- (14.48, 20.22, 5.419, 59.58, 46.44, 21.036)
cost: 122, (8, 10, 20, 7, 5, 11) -- (12.48, 33.8, 10.02, 87.51, 16.7, 7.283)
cost: 124, (8, 10, 20, 7, 5, 12) -- (10.48, 31.8, 8.02, 85.51, 14.7, 17.036)
cost: 126, (8, 10, 20, 7, 5, 13) -- (8.48, 29.8, 6.02, 83.51, 12.7, 26.789)
cost: 126, (9, 10, 20, 5, 7, 12) -- (25.29, 29.8, 6.02, 23.65, 68.18, 15.036)
cost: 112, (7, 9, 18, 5, 7, 10) -- (5.67, 28.22, 6.818, 37.65, 82.18, 5.53)
cost: 116, (8, 8, 19, 7, 5, 11) -- (18.48, 8.64, 9.419, 93.51, 22.7, 13.283)
cost: 124, (8, 11, 20, 5, 7, 11) -- (10.48, 47.38, 8.02, 25.65, 70.18, 5.283)
cost: 118, (8, 8, 19, 7, 5, 12) -- (16.48, 6.64, 7.419, 91.51, 20.7, 23.036)
cost: 126, (8, 11, 20, 5, 7, 12) -- (8.48, 45.38, 6.02, 23.65, 68.18, 15.036)
cost: 118, (9, 8, 19, 5, 7, 11) -- (33.29, 6.64, 7.419, 31.65, 76.18, 11.283)
cost: 122, (9, 9, 20, 6, 6, 11) -- (29.29, 18.22, 10.02, 57.58, 44.44, 7.283)
cost: 124, (9, 9, 20, 6, 6, 12) -- (27.29, 16.22, 8.02, 55.58, 42.44, 17.036)
cost: 126, (9, 9, 20, 6, 6, 13) -- (25.29, 14.22, 6.02, 53.58, 40.44, 26.789)
cost: 110, (7, 8, 18, 6, 6, 10) -- (7.67, 14.64, 8.818, 69.58, 56.44, 7.53)
cost: 112, (7, 8, 18, 6, 6, 11) -- (5.67, 12.64, 6.818, 67.58, 54.44, 17.283)
cost: 112, (8, 8, 18, 4, 8, 10) -- (22.48, 12.64, 6.818, 7.72, 109.92, 5.53)
cost: 118, (8, 9, 19, 5, 7, 11) -- (16.48, 22.22, 7.419, 31.65, 76.18, 11.283)
cost: 120, (8, 9, 19, 5, 7, 12) -- (14.48, 20.22, 5.419, 29.65, 74.18, 21.036)
cost: 122, (8, 10, 20, 6, 6, 11) -- (12.48, 33.8, 10.02, 57.58, 44.44, 7.283)
cost: 124, (8, 10, 20, 6, 6, 12) -- (10.48, 31.8, 8.02, 55.58, 42.44, 17.036)
cost: 112, (7, 9, 18, 4, 8, 10) -- (5.67, 28.22, 6.818, 7.72, 109.92, 5.53)
cost: 120, (8, 9, 20, 7, 5, 11) -- (14.48, 20.22, 12.02, 89.51, 18.7, 9.283)
cost: 126, (8, 10, 20, 6, 6, 13) -- (8.48, 29.8, 6.02, 53.58, 40.44, 26.789)
cost: 116, (8, 8, 19, 6, 6, 11) -- (18.48, 8.64, 9.419, 63.58, 50.44, 13.283)
cost: 122, (9, 9, 20, 5, 7, 11) -- (29.29, 18.22, 10.02, 27.65, 72.18, 7.283)
cost: 118, (8, 8, 19, 6, 6, 12) -- (16.48, 6.64, 7.419, 61.58, 48.44, 23.036)
cost: 122, (8, 9, 20, 7, 5, 12) -- (12.48, 18.22, 10.02, 87.51, 16.7, 19.036)
cost: 124, (8, 9, 20, 7, 5, 13) -- (10.48, 16.22, 8.02, 85.51, 14.7, 28.789)
cost: 110, (7, 8, 18, 5, 7, 10) -- (7.67, 14.64, 8.818, 39.65, 84.18, 7.53)
cost: 126, (8, 9, 20, 7, 5, 14) -- (8.48, 14.22, 6.02, 83.51, 12.7, 38.542)
cost: 122, (8, 10, 20, 5, 7, 11) -- (12.48, 33.8, 10.02, 27.65, 72.18, 7.283)
cost: 124, (9, 9, 20, 5, 7, 12) -- (27.29, 16.22, 8.02, 25.65, 70.18, 17.036)
cost: 112, (7, 8, 18, 5, 7, 11) -- (5.67, 12.64, 6.818, 37.65, 82.18, 17.283)
cost: 124, (8, 10, 20, 5, 7, 12) -- (10.48, 31.8, 8.02, 25.65, 70.18, 17.036)
cost: 126, (9, 9, 20, 5, 7, 13) -- (25.29, 14.22, 6.02, 23.65, 68.18, 26.789)
cost: 112, (7, 8, 19, 7, 5, 10) -- (5.67, 12.64, 13.419, 97.51, 26.7, 5.53)
cost: 120, (8, 9, 20, 6, 6, 11) -- (14.48, 20.22, 12.02, 59.58, 46.44, 9.283)
cost: 126, (8, 10, 20, 5, 7, 13) -- (8.48, 29.8, 6.02, 23.65, 68.18, 26.789)
cost: 116, (8, 8, 19, 5, 7, 11) -- (18.48, 8.64, 9.419, 33.65, 78.18, 13.283)
cost: 118, (8, 8, 19, 5, 7, 12) -- (16.48, 6.64, 7.419, 31.65, 76.18, 23.036)
cost: 122, (8, 9, 20, 6, 6, 12) -- (12.48, 18.22, 10.02, 57.58, 44.44, 19.036)
cost: 110, (7, 8, 18, 4, 8, 10) -- (7.67, 14.64, 8.818, 9.72, 111.92, 7.53)
cost: 112, (7, 8, 18, 4, 8, 11) -- (5.67, 12.64, 6.818, 7.72, 109.92, 17.283)
cost: 118, (8, 8, 20, 7, 5, 11) -- (16.48, 6.64, 14.02, 91.51, 20.7, 11.283)
cost: 124, (8, 9, 20, 6, 6, 13) -- (10.48, 16.22, 8.02, 55.58, 42.44, 28.789)
cost: 126, (8, 9, 20, 6, 6, 14) -- (8.48, 14.22, 6.02, 53.58, 40.44, 38.542)
cost: 120, (10, 9, 19, 6, 5, 11) -- (48.1, 20.22, 5.419, 59.58, 18.7, 9.283)
cost: 120, (8, 9, 20, 5, 7, 11) -- (14.48, 20.22, 12.02, 29.65, 74.18, 9.283)
cost: 100, (7, 7, 16, 7, 4, 9) -- (17.67, 9.06, 5.616, 109.51, 10.96, 5.777)
cost: 112, (7, 8, 19, 6, 6, 10) -- (5.67, 12.64, 13.419, 67.58, 54.44, 5.53)
cost: 122, (8, 9, 20, 5, 7, 12) -- (12.48, 18.22, 10.02, 27.65, 72.18, 19.036)
cost: 120, (9, 10, 19, 6, 5, 11) -- (31.29, 35.8, 5.419, 59.58, 18.7, 9.283)
cost: 124, (11, 9, 20, 6, 5, 11) -- (60.91, 16.22, 8.02, 55.58, 14.7, 5.283)
cost: 124, (10, 10, 20, 6, 5, 11) -- (44.1, 31.8, 8.02, 55.58, 14.7, 5.283)
cost: 126, (11, 9, 20, 6, 5, 12) -- (58.91, 14.22, 6.02, 53.58, 12.7, 15.036)
cost: 118, (8, 8, 20, 6, 6, 11) -- (16.48, 6.64, 14.02, 61.58, 48.44, 11.283)
cost: 124, (8, 9, 20, 5, 7, 13) -- (10.48, 16.22, 8.02, 25.65, 70.18, 28.789)
cost: 126, (8, 9, 20, 5, 7, 14) -- (8.48, 14.22, 6.02, 23.65, 68.18, 38.542)
cost: 120, (8, 11, 19, 6, 5, 11) -- (14.48, 51.38, 5.419, 59.58, 18.7, 9.283)
cost: 112, (9, 8, 18, 6, 5, 10) -- (39.29, 12.64, 6.818, 67.58, 26.7, 5.53)
cost: 120, (10, 9, 19, 5, 6, 11) -- (48.1, 20.22, 5.419, 29.65, 46.44, 9.283)
cost: 126, (10, 10, 20, 6, 5, 12) -- (42.1, 29.8, 6.02, 53.58, 12.7, 15.036)
cost: 100, (7, 7, 16, 6, 5, 9) -- (17.67, 9.06, 5.616, 79.58, 38.7, 5.777)
cost: 112, (7, 8, 19, 5, 7, 10) -- (5.67, 12.64, 13.419, 37.65, 82.18, 5.53)
cost: 112, (8, 9, 18, 6, 5, 10) -- (22.48, 28.22, 6.818, 67.58, 26.7, 5.53)
cost: 120, (9, 10, 19, 5, 6, 11) -- (31.29, 35.8, 5.419, 29.65, 46.44, 9.283)
cost: 124, (9, 11, 20, 6, 5, 11) -- (27.29, 47.38, 8.02, 55.58, 14.7, 5.283)
cost: 126, (9, 11, 20, 6, 5, 12) -- (25.29, 45.38, 6.02, 53.58, 12.7, 15.036)
cost: 118, (10, 8, 19, 6, 5, 11) -- (50.1, 6.64, 7.419, 61.58, 20.7, 11.283)
cost: 124, (11, 9, 20, 5, 6, 11) -- (60.91, 16.22, 8.02, 25.65, 42.44, 5.283)
cost: 124, (10, 10, 20, 5, 6, 11) -- (44.1, 31.8, 8.02, 25.65, 42.44, 5.283)
cost: 126, (11, 9, 20, 5, 6, 12) -- (58.91, 14.22, 6.02, 23.65, 40.44, 15.036)
cost: 112, (7, 10, 18, 6, 5, 10) -- (5.67, 43.8, 6.818, 67.58, 26.7, 5.53)
cost: 118, (8, 8, 20, 5, 7, 11) -- (16.48, 6.64, 14.02, 31.65, 76.18, 11.283)
cost: 120, (8, 11, 19, 5, 6, 11) -- (14.48, 51.38, 5.419, 29.65, 46.44, 9.283)
cost: 124, (8, 12, 20, 6, 5, 11) -- (10.48, 62.96, 8.02, 55.58, 14.7, 5.283)
cost: 126, (8, 12, 20, 6, 5, 12) -- (8.48, 60.96, 6.02, 53.58, 12.7, 15.036)
cost: 112, (9, 8, 18, 5, 6, 10) -- (39.29, 12.64, 6.818, 37.65, 54.44, 5.53)
cost: 118, (9, 9, 19, 6, 5, 11) -- (33.29, 22.22, 7.419, 61.58, 20.7, 11.283)
cost: 120, (9, 9, 19, 6, 5, 12) -- (31.29, 20.22, 5.419, 59.58, 18.7, 21.036)
cost: 100, (7, 7, 16, 5, 6, 9) -- (17.67, 9.06, 5.616, 49.65, 66.44, 5.777)
cost: 106, (7, 8, 17, 6, 5, 10) -- (11.67, 18.64, 6.217, 73.58, 32.7, 11.53)
cost: 112, (7, 8, 19, 4, 8, 10) -- (5.67, 12.64, 13.419, 7.72, 109.92, 5.53)
cost: 112, (8, 9, 18, 5, 6, 10) -- (22.48, 28.22, 6.818, 37.65, 54.44, 5.53)
cost: 118, (8, 10, 19, 6, 5, 11) -- (16.48, 37.8, 7.419, 61.58, 20.7, 11.283)
cost: 124, (9, 11, 20, 5, 6, 11) -- (27.29, 47.38, 8.02, 25.65, 42.44, 5.283)
cost: 126, (10, 10, 20, 5, 6, 12) -- (42.1, 29.8, 6.02, 23.65, 40.44, 15.036)
cost: 120, (8, 10, 19, 6, 5, 12) -- (14.48, 35.8, 5.419, 59.58, 18.7, 21.036)
cost: 126, (9, 11, 20, 5, 6, 12) -- (25.29, 45.38, 6.02, 23.65, 40.44, 15.036)
cost: 112, (7, 10, 18, 5, 6, 10) -- (5.67, 43.8, 6.818, 37.65, 54.44, 5.53)
cost: 110, (8, 8, 18, 6, 5, 10) -- (24.48, 14.64, 8.818, 69.58, 28.7, 7.53)
cost: 122, (9, 10, 20, 6, 5, 11) -- (29.29, 33.8, 10.02, 57.58, 16.7, 7.283)
cost: 118, (10, 8, 19, 5, 6, 11) -- (50.1, 6.64, 7.419, 31.65, 48.44, 11.283)
cost: 122, (10, 9, 20, 6, 5, 11) -- (46.1, 18.22, 10.02, 57.58, 16.7, 7.283)
cost: 124, (8, 12, 20, 5, 6, 11) -- (10.48, 62.96, 8.02, 25.65, 42.44, 5.283)
cost: 124, (10, 9, 20, 6, 5, 12) -- (44.1, 16.22, 8.02, 55.58, 14.7, 17.036)
cost: 126, (8, 12, 20, 5, 6, 12) -- (8.48, 60.96, 6.02, 23.65, 40.44, 15.036)
cost: 124, (9, 10, 20, 6, 5, 12) -- (27.29, 31.8, 8.02, 55.58, 14.7, 17.036)
cost: 126, (10, 9, 20, 6, 5, 13) -- (42.1, 14.22, 6.02, 53.58, 12.7, 26.789)
cost: 112, (9, 8, 18, 4, 7, 10) -- (39.29, 12.64, 6.818, 7.72, 82.18, 5.53)
cost: 118, (9, 9, 19, 5, 6, 11) -- (33.29, 22.22, 7.419, 31.65, 48.44, 11.283)
cost: 120, (9, 9, 19, 5, 6, 12) -- (31.29, 20.22, 5.419, 29.65, 46.44, 21.036)
cost: 126, (9, 10, 20, 6, 5, 13) -- (25.29, 29.8, 6.02, 53.58, 12.7, 26.789)
cost: 100, (7, 7, 16, 4, 7, 9) -- (17.67, 9.06, 5.616, 19.72, 94.18, 5.777)
cost: 104, (7, 7, 17, 7, 4, 10) -- (13.67, 5.06, 8.217, 105.51, 6.96, 13.53)
cost: 106, (7, 8, 17, 5, 6, 10) -- (11.67, 18.64, 6.217, 43.65, 60.44, 11.53)
cost: 110, (7, 9, 18, 6, 5, 10) -- (7.67, 30.22, 8.818, 69.58, 28.7, 7.53)
cost: 112, (8, 8, 18, 6, 5, 11) -- (22.48, 12.64, 6.818, 67.58, 26.7, 17.283)
cost: 112, (7, 9, 18, 6, 5, 11) -- (5.67, 28.22, 6.818, 67.58, 26.7, 17.283)
cost: 112, (8, 9, 18, 4, 7, 10) -- (22.48, 28.22, 6.818, 7.72, 82.18, 5.53)
cost: 118, (8, 10, 19, 5, 6, 11) -- (16.48, 37.8, 7.419, 31.65, 48.44, 11.283)
cost: 120, (8, 10, 19, 5, 6, 12) -- (14.48, 35.8, 5.419, 29.65, 46.44, 21.036)

